
A =

    10     2     3
     4    50     6
     7     8     9


r =

     3


c =

     3


inv_A =

    0.1306    0.0019   -0.0448
    0.0019    0.0224   -0.0156
   -0.1033   -0.0214    0.1598


EVector =

   -0.4645    0.6364   -0.0613
   -0.0757   -0.1897   -0.9790
    0.8823    0.7477   -0.1946


Evalue =

    4.6279         0         0
         0   12.9285         0
         0         0   51.4435


prompt =

    'What is the original value? '

What is the original value? 10

x =

    10

