
cov =

    0.6166    0.6154
    0.6154    0.7166


V =

   -0.6779   -0.7352
   -0.7352    0.6779


L =

    1.2840         0
         0    0.0491


W =

   -0.6779   -0.7352
   -0.7352    0.6779


X_rot =

   -0.8280   -0.1751
    1.7776    0.1429
   -0.9922    0.3844
   -0.2742    0.1304
   -1.6758   -0.2095
   -0.9129    0.1753
    0.0991   -0.3498
    1.1446    0.0464
    0.4380    0.0178
    1.2238   -0.1627


X_appr =

    0.5613    0.6087
   -1.2050   -1.3068
    0.6726    0.7294
    0.1859    0.2016
    1.1360    1.2320
    0.6189    0.6712
   -0.0672   -0.0729
   -0.7759   -0.8415
   -0.2969   -0.3220
   -0.8296   -0.8997

